4294967293,131
4294967293,130
4294967293,129
4294967293,128
4294967293,127
4294967293,126
4294967293,125
4294967293,124
4294967293,123
4294967293,122
4294967293,121
4294967293,120
4294967293,119
4294967293,118
4294967293,117
4294967293,116
4294967293,115
4294967293,114
4294967293,113
4294967293,112
4294967293,111
4294967293,110
4294967293,109
4294967293,108
4294967293,107
4294967293,106
4294967293,105
4294967293,104
4294967293,103
4294967293,102
4294967293,101
4294967293,100
4294967293,99
4294967293,98
4294967293,97
4294967293,96
4294967293,95
4294967293,94
4294967293,93
4294967293,92
4294967293,91
4294967293,90
4294967293,89
4294967293,87
4294967293,86
4294967293,85
4294967293,84
4294967293,83
4294967293,82
4294967293,81
4294967293,80
4294967293,79
4294967293,78
4294967293,77
4294967293,76
4294967293,75
4294967293,74
4294967293,73
4294967293,72
4294967293,71
4294967293,70
4294967293,69
4294967293,68
4294967293,67
4294967293,66
4294967293,65
4294967293,64
4294967293,63
4294967293,62
4294967293,61
4294967293,60
4294967293,59
4294967293,58
4294967293,57
4294967293,56
4294967293,55
4294967293,54
4294967293,53
4294967293,52
4294967293,51
4294967293,50
4294967293,49
4294967293,48
4294967293,47
4294967293,46
4294967293,45
4294967293,44
4294967293,43
4294967293,42
4294967293,41
4294967293,40
4294967293,39
4294967293,38
4294967293,37
4294967293,36
4294967293,35
4294967293,34
4294967293,33
4294967293,32
4294967293,31
4294967293,30
4294967293,29
4294967293,28
4294967293,27
4294967293,26
4294967293,25
4294967293,24
4294967293,23
4294967293,22
4294967293,21
4294967293,20
4294967293,19
4294967293,18
4294967293,17
4294967293,16
4294967293,15
4294967293,14
4294967293,13
4294967293,12
4294967293,11
4294967293,10
4294967293,9
4294967293,8
4294967293,7
4294967293,6
4294967293,5
4294967293,4
4294967293,3
4294967278,132
4294967278,131
4294967278,128
4294967278,127
4294967278,126
4294967278,122
4294967278,116
4294967278,113
4294967278,404
4294967278,106
4294967278,2
4294967278,96
4294967278,95
4294967278,94
4294967278,93
4294967278,92
4294967278,91
4294967278,90
4294967278,89
4294967278,86
4294967278,85
4294967278,84
4294967278,83
4294967278,82
4294967278,79
4294967278,75
4294967278,69
4294967278,59
4294967278,339
4294967278,58
4294967278,338
4294967278,57
4294967278,337
4294967278,56
4294967278,55
4294967278,54
4294967278,53
4294967278,52
4294967278,51
4294967278,331
4294967278,50
4294967278,49
4294967278,48
4294967278,47
4294967278,45
4294967278,325
4294967278,44
4294967278,43
4294967278,42
4294967278,41
4294967278,40
4294967278,39
4294967278,38
4294967278,37
4294967278,36
4294967278,35
4294967278,315
4294967278,34
4294967278,33
4294967278,32
4294967278,31
4294967278,30
4294967278,29
4294967278,28
4294967278,27
4294967278,26
4294967278,25
4294967278,24
4294967278,23
4294967278,278
4294967278,22
4294967278,21
4294967278,20
4294967278,285
4294967278,19
4294967278,18
4294967278,291
4294967278,17
4294967278,13
4294967278,288
4294967278,11
4294967278,8
4294967278,261
4294967278,5
4294967278,88
4294967278,0
4294967278,260
4294967279,132
4294967279,128
4294967279,127
4294967279,341
4294967279,122
4294967279,113
4294967279,340
4294967279,225
4294967279,107
4294967279,106
4294967279,215
4294967279,102
4294967279,101
4294967279,97
4294967279,96
4294967279,92
4294967279,91
4294967279,90
4294967279,89
4294967279,87
4294967279,86
4294967279,85
4294967279,80
4294967279,75
4294967279,69
4294967279,527
4294967279,526
4294967279,57
4294967279,55
4294967279,54
4294967279,52
4294967279,520
4294967279,51
4294967279,519
4294967279,50
4294967279,518
4294967279,49
4294967279,339
4294967279,0
4294967279,260
4294967279,48
4294967279,47
4294967279,45
4294967279,514
4294967279,44
4294967279,39
4294967279,34
4294967279,33
4294967279,29
4294967279,28
4294967279,24
4294967279,23
4294967279,19
4294967279,14
4294967279,13
4294967279,11
4294967279,174
4294967279,9
4294967279,5
0,5
4294967294,7
4294967294,6
4294967294,5
4294967294,17
4294967294,42
4294967294,76
4294967294,41
4294967294,1423
4294967294,43
4294967294,67
4294967294,1568
4294967294,953
4294967294,1435
4294967294,970
4294967294,82
4294967294,99
4294967294,8
4294967294,104
4294967279,317
4294967279,271
4294967279,338
4294967279,276
4294967294,46
4294967294,2188
4294967294,923
4294967294,1427
4294967294,24
4294967294,467
4294967294,494
4294967294,913
4294967294,1438
4294967294,2
4294967294,106
4294967294,92
4294967294,91
4294967294,90
4294967294,88
4294967294,87
4294967294,86
4294967294,85
4294967294,84
4294967294,1414
4294967294,83
4294967294,107
4294967294,743
4294967294,742
4294967294,741
4294967294,739
4294967294,738
4294967294,737
4294967294,736
4294967294,735
4294967294,734
4294967294,732
4294967294,731
4294967294,729
4294967294,728
4294967294,726
4294967294,725
4294967294,724
4294967294,723
4294967294,721
4294967294,1
4294967294,716
4294967294,715
4294967294,711
4294967294,709
4294967294,708
4294967294,26
4294967294,704
4294967294,703
4294967294,701
4294967294,700
4294967294,150
4294967294,697
4294967294,696
4294967294,691
4294967294,53
4294967294,416
4294967294,684
4294967294,682
4294967294,677
4294967294,676
4294967294,674
4294967294,672
4294967294,670
4294967294,27
4294967294,664
4294967294,662
4294967294,661
4294967294,660
4294967294,659
4294967294,657
4294967294,654
4294967294,653
4294967294,28
4294967294,652
4294967294,29
4294967294,25
4294967294,651
4294967294,650
4294967294,649
4294967294,648
4294967294,647
4294967294,645
4294967294,643
4294967294,637
4294967294,634
4294967294,632
4294967294,631
4294967294,629
4294967294,628
4294967294,3
4294967294,627
4294967294,626
4294967294,625
4294967294,624
4294967294,621
4294967294,620
4294967294,616
4294967294,613
4294967294,611
4294967294,610
4294967294,607
4294967294,606
4294967294,604
4294967294,603
4294967294,1567
4294967294,602
4294967294,601
4294967294,599
4294967294,807
4294967294,598
4294967294,597
4294967294,1566
4294967294,595
4294967294,594
4294967294,591
4294967294,1565
4294967294,144
4294967294,590
4294967294,588
4294967294,586
4294967294,585
4294967294,1564
4294967294,583
4294967294,579
4294967294,319
4294967294,318
4294967294,317
4294967294,315
4294967294,313
4294967294,312
4294967294,311
4294967294,305
4294967294,304
4294967294,797
4294967294,298
4294967294,295
4294967294,291
4294967294,287
4294967294,284
4294967294,282
4294967294,280
4294967294,2181
4294967294,278
4294967294,1140
4294967294,274
4294967294,273
4294967294,268
4294967294,267
4294967294,265
4294967294,264
4294967294,262
4294967294,260
4294967294,259
4294967294,258
4294967294,254
4294967294,252
4294967294,132
4294967294,793
1,0
4294967294,244
4294967294,442
4294967294,242
4294967294,1563
4294967294,240
4294967294,239
4294967294,238
4294967294,1416
4294967294,237
4294967294,236
4294967294,234
4294967294,233
4294967294,232
4294967294,227
4294967294,125
4294967294,222
4294967294,221
4294967294,574
4294967294,1144
4294967294,217
4294967294,216
4294967294,213
4294967294,212
4294967294,1258
4294967294,207
4294967294,206
4294967294,1562
4294967294,783
4294967294,204
4294967294,203
4294967294,202
4294967294,1561
4294967294,201
4294967294,200
4294967294,196
4294967294,193
4294967294,1558
4294967294,1252
4294967294,565
4294967294,563
4294967294,562
4294967294,559
4294967294,1560
4294967294,2177
4294967294,1134
4294967294,557
4294967294,1557
4294967294,551
4294967294,549
4294967294,548
4294967294,545
4294967294,1559
4294967294,544
4294967294,1556
4294967294,1088
4294967294,571
4294967294,536
4294967294,622
4294967294,143
4294967294,619
4294967294,1133
4294967294,1142
4294967294,981
4294967294,2176
4294967278,252
4294967278,256
4294967278,241
4294967279,336
4294967279,335
4294967278,403
4294967278,402
4294967278,401
4294967294,1432
4294967294,1555
4294967294,1600
4294967294,1553
4294967294,1552
4294967294,1554
4294967294,1550
4294967294,1551
4294967294,951
4294967294,396
4294967294,1549
4294967294,1545
4294967294,1609
4294967294,1269
4294967294,900
4294967294,1613
4294967294,1607
4294967294,1466
4294967294,1447
4294967294,1450
4294967294,1603
4294967294,1468
4294967294,1143
4294967294,428
4294967294,1139
4294967294,1255
4294967294,1132
4294967294,1118
4294967294,1091
4294967294,1621
4294967294,1464
4294967294,1419
4294967294,1448
4294967294,1619
4294967294,1612
4294967294,1616
4294967294,1610
4294967294,948
4294967294,425
4294967294,1611
4294967294,1618
4294967294,513
4294967294,1465
4294967294,1470
4294967294,1268
4294967294,1601
4294967294,392
4294967294,1471
4294967294,1458
4294967294,535
4294967294,1110
4294967294,904
4294967294,1454
4294967294,443
4294967294,1453
4294967294,534
4294967294,950
4294967294,527
4294967294,430
4294967294,1509
4294967294,1508
4294967294,1507
4294967294,1506
4294967294,1505
4294967294,1503
4294967294,1504
4294967294,1502
4294967294,1501
4294967294,1500
4294967294,1499
4294967294,1498
4294967294,1497
4294967294,1496
4294967294,1495
4294967294,1494
4294967294,1493
4294967294,1137
4294967294,972
4294967294,971
4294967294,969
4294967294,968
4294967279,334
4294967279,272
4294967278,398
4294967279,331
4294967279,223
4294967278,397
4294967279,333
4294967278,400
4294967279,330
4294967279,332
4294967279,329
4294967278,396
4294967278,395
4294967278,394
4294967278,399
4294967278,275
4294967278,283
4294967278,264
4294967294,2186
4294967294,2189
4294967294,452
4294967294,2182
4294967294,179
4294967294,406
4294967294,386
4294967294,398
4294967294,785
4294967294,404
4294967294,399
4294967294,448
4294967294,450
4294967294,415
4294967294,422
4294967294,183
4294967294,1492
4294967294,1491
4294967294,1490
4294967294,1489
4294967294,1488
4294967294,1486
4294967294,1487
4294967294,1485
4294967294,1484
4294967294,1483
4294967294,1482
4294967294,1481
4294967294,1480
4294967294,1479
4294967294,1478
4294967294,1477
4294967294,1476
4294967294,1475
4294967294,1420
4294967294,1474
4294967294,1473
4294967294,1472
4294967294,383
4294967294,381
4294967294,382
4294967294,380
4294967294,379
